***** file size is 160000
runtime = 0.000212
# p/ll_cache_miss_rd
               92265
***** file size is 160000
runtime = 0.000244
#  p/L2D_TLB
     4918074
***** file size is 160000
runtime = 0.000292
# p/DTLB_WALK
        26005
***** file size is 160000
runtime = 0.000234
# p/L1D_TLB_RD
     399876441
***** file size is 160000
runtime = 0.000216
#  p/L2D_TLB
     2946541
***** file size is 4000000
# p/ll_cache_miss_rd
                   0
                   0
              202420
              108748 runtime = 0.000358

             7366843
            12350564
            13586069
             6779734
               56950
***** file size is 4000000
#  p/L2D_TLB
           0
           0
           0
           0 runtime = 0.000355

   284913797
   285856703
   296730044
***** file size is 4000000
# p/DTLB_WALK
            0
         2722
            0
            0 runtime = 0.000369

        84290
       185921
       251521
       356452
***** file size is 4000000
# p/L1D_TLB_RD
             0
             0
    3182857841
    2676269451 runtime = 0.000347

    3632836262
    5086931936
    4921595689
    2380537223
***** file size is 4000000
#  p/L2D_TLB
    13933616
           0
           0
    55855105 runtime = 0.000328

   177840659
   380285140
   292719568
   163746827
***** file size is 100000000
# p/ll_cache_miss_rd
               99132
               38980
                   0
              197161
                   0
               67519
                   0
              140400
                   0
              143043
                   0
                   0
                   0
              284282
# p/ll_cache_miss_rd
                   0
              140444
                   0
              134435
               83831
               50211
               75049
                   0
                   0
                   0
              288554
               74050
               71429
               74809
# p/ll_cache_miss_rd
               73262
               73649
                   0
              140714
               70424
                   0
              147499
               68600
               81265
                   0
              139783
               64799
                   0
              151170
# p/ll_cache_miss_rd
               68801
                   0
              145452
                   0
              125288
                   0
              163795
                   0
              141640
               73859
               74317
               64148
                   0
              136959
# p/ll_cache_miss_rd
               72307
               69894
               77496
               67138
                   0
              139846
               70331
                   0
              132302
               70375
                   0
               84102
              123513
                   0
# p/ll_cache_miss_rd
              144565
                3028
              137573
                5823
               71125
              134909
                   0
              138289
                   0
              134450
                   0
              142950
                   0
               86537
# p/ll_cache_miss_rd
              111946
                   0
              114053
                   0
              128592
               91062
                   0
                   0
              238779
               74466
               70433
               77585
               28764
               73445
# p/ll_cache_miss_rd
              110675
               34944
              106227
               73441
               66853
               38920
               72495
              104062
               11226
              105905
               70625
               56476
***** file size is 100000000
#  p/L2D_TLB
    18130995
           0
    33028288
    29996407
    22608092
           0
    31192747
           0
    52731944
           0
    40234984
      642921
           0
           0
#  p/L2D_TLB
           0
           0
           0
   121159391
    36184678
           0
    42541162
           0
    21330990
    39301881
     8359005
    31524351
          20
    39931129
#  p/L2D_TLB
    19963516
    20137778
           0
    40202382
          19
    39777568
    20081969
    19246988
    11938034
    26768027
           0
    39183827
    19287693
     1143221
#  p/L2D_TLB
    19521220
    38207819
           4
    22124789
    33708710
     4119701
    21037254
           0
    39095436
    20859001
    36319344
    20140867
    19584873
     3674466
#  p/L2D_TLB
    19356737
    17244296
    22331678
           0
    39540260
    19406894
           0
    42215441
    19379013
    32102565
    19622172
    19852435
    19410640
    19579397
#  p/L2D_TLB
    19343633
    13605252
    14075127
    19916730
    31448432
     8254938
    21049230
    10444948
           0
    54307818
           0
           0
           0
    78942862
#  p/L2D_TLB
           0
    44824213
    19957202
           0
    39918080
    19758522
           0
    34767931
    23495166
    19987193
    19513513
    19526967
    19965670
    19920766
#  p/L2D_TLB
    19967121
    19405457
    19399844
    19409943
           0
    39894378
           0
           0
           0
    61536907
    36235550
***** file size is 100000000
# p/DTLB_WALK
         1072
         1566
            0
          775
          564
          574
            0
            0
         1842
          397
          832
            0
         1143
            0
# p/DTLB_WALK
         1132
            0
            0
         3478
          335
         1181
            0
         1451
            0
            0
         2456
          914
          566
          208
# p/DTLB_WALK
         1323
            0
         1341
            0
            0
            0
         2800
          869
            0
         1624
          852
            0
         1444
           78
# p/DTLB_WALK
            0
         1165
          242
            0
            0
         1436
            0
         1656
         1295
          672
            0
         2124
          689
          247
# p/DTLB_WALK
          974
          196
          664
            0
            0
            0
            0
         4571
          411
         1108
            0
         1855
          779
            0
# p/DTLB_WALK
            0
            0
         3973
            0
            0
         2126
         1090
            0
            0
            0
         1455
          868
          834
            0
# p/DTLB_WALK
         2252
          743
            0
            0
            0
         2867
          576
          528
          737
         1279
          753
            0
            0
         1469
# p/DTLB_WALK
          709
            0
          951
         1011
          560
          923
          389
          681
          887
            0
         1091
***** file size is 100000000
# p/L1D_TLB_RD
             0
             0
    4417755799
             0
    2587126745
             0
    1907452696
             0
    4470211896
    1490535856
    1488268722
    1492406027
             0
             0
# p/L1D_TLB_RD
    3020774732
    1502998186
    1495229685
    1513519294
    2943026264
    1500269058
      52149259
    1496657426
    2937658244
    1494297672
      74030192
    1501455826
    1495883230
    2888428091
# p/L1D_TLB_RD
    1482110806
     150844250
    2836859365
             0
    2995913912
             0
    2986402746
             0
    1637257243
    2848563352
     336366333
             0
    2955346561
    1582901866
# p/L1D_TLB_RD
    1494805041
    1486848958
    1575414883
             0
    3006540619
    1651961484
    1495211562
    1418961073
    2413046393
             0
    2310831892
    1545685148
    1494591413
    1494394190
# p/L1D_TLB_RD
    1495772460
    1497140001
    1506995279
    1502064624
    1503212470
    1494161247
    1496442614
    1494353921
    1496910315
    1490640984
    2120990326
    1496964537
    1503480472
             0
# p/L1D_TLB_RD
    2487680099
    1511772203
    1990506585
          1085
    1495006176
    2981033808
    1497807398
    1499905019
             0
    2992809338
    1499678220
    1503422919
    1432738350
    1572013300
# p/L1D_TLB_RD
    1488687745
    1491956406
    1493056793
    1490487590
    1494885596
             0
    2981312602
    1495995022
    1494473531
      91287100
    2756251323
     230008646
    1491190180
    1430538651
# p/L1D_TLB_RD
    1583249575
    1576908184
    1332064486
             0
    3175178358
             0
    3080574208
    2649916724
    1275899646
             0
    2878955633
***** file size is 100000000
#  p/L2D_TLB
    11074868
    17796846
           0
    42335753
           0
    42578037
    17369088
           0
           0
           0
    82499577
           0
           0
           0
#  p/L2D_TLB
    82928349
    19903822
    20322217
    20196113
    20575304
    19769508
           0
    40692176
           0
    35388820
           0
    46400139
    20884653
           0
#  p/L2D_TLB
    40479127
    20938047
    20020758
    21590212
    17955844
     1895112
    24707564
    35247723
    19854386
    19994871
           0
           0
    39958384
    39619071
#  p/L2D_TLB
    19821971
           0
    39754647
           0
    39873651
    19521815
    20209862
    20048932
    20231348
    20214678
           0
    41152963
     6223168
    16818928
#  p/L2D_TLB
    37877594
    12893970
    21214360
           0
    32124557
    20718531
           0
    40755758
    35334046
           0
    41293476
    20648826
           0
    20479335
#  p/L2D_TLB
    21645864
    28444433
           0
    34204784
    36576871
           0
           0
           0
    76911224
    20723929
    14021956
    28392009
    26330087
           0
#  p/L2D_TLB
    41195363
     9598203
    28499682
           0
    34404203
    29859217
    20539283
    20714755
    20553408
           0
    20889230
    32963850
     7949901
    33765967
#  p/L2D_TLB
    28019151
    13062566
    26967792
           0
           0
    62723768
    15030483
    20277594
           0
    41160435
           0
    28127160